Traditional GA D&C 3-UAV 90-point Planner Results (10 runs)
=================================================================
 Run    TotalPath(m)     UAV0(m)     UAV1(m)     UAV2(m)   GA_Time(s)
-----------------------------------------------------------------
   1         780.759     293.952     205.572     281.235        241.8
   2         766.390     297.082     199.898     269.411        242.9
   3         691.780     259.196     188.715     243.869        234.6
   4         768.742     264.913     207.809     296.020        225.0
   5         733.764     259.594     206.387     267.783        226.5
   6         748.954     252.484     198.539     297.932        227.8
   7         806.680     310.577     215.382     280.721        233.0
   8         779.535     285.061     196.202     298.272        232.2
   9         776.856     272.641     222.303     281.912        232.5
  10         756.448     311.513     192.403     252.532        228.7
-----------------------------------------------------------------
mean         760.991     280.701     203.321     276.969        232.5
 std          29.766      20.793       9.789      17.740          5.7
